0.000000 1.376765
0.064750 1.317575
0.129500 1.294137
0.194250 1.276827
0.259000 1.263055
0.323750 1.251268
0.388500 1.240496
0.453250 1.230808
0.518000 1.222278
0.582750 1.214250
0.647500 1.206755
0.712250 1.199944
0.777000 1.193296
0.841750 1.187295
0.906500 1.181370
0.971250 1.175937
1.036000 1.170549
1.100750 1.165608
1.165500 1.160647
1.230250 1.156113
1.295000 1.151587
1.359750 1.147301
1.424500 1.143157
1.489250 1.139054
1.554000 1.135249
1.618750 1.131431
1.683500 1.127779
1.748250 1.124264
1.813000 1.120738
1.877750 1.117434
1.942500 1.114180
2.007250 1.110916
2.072000 1.107880
2.136750 1.104860
2.201500 1.101832
2.266250 1.099003
2.331000 1.096194
2.395750 1.093377
2.460500 1.090707
2.525250 1.088089
2.590000 1.085464
2.654750 1.082914
2.719500 1.080469
2.784250 1.078018
2.849000 1.075562
2.913750 1.073271
2.978500 1.070978
3.043250 1.068680
3.108000 1.066441
3.172750 1.064292
3.237500 1.062139
3.302250 1.059982
3.367000 1.057919
3.431750 1.055898
3.496500 1.053873
3.561250 1.051844
3.626000 1.049922
3.690750 1.048019
3.755500 1.046112
3.820250 1.044202
3.885000 1.042390
3.949750 1.040595
4.014500 1.038798
4.079250 1.036997
4.144000 1.035272
4.208750 1.033577
4.273500 1.031880
4.338250 1.030180
4.403000 1.028522
4.467750 1.026920
4.532500 1.025316
4.597250 1.023709
4.662000 1.022103
4.726750 1.020587
4.791500 1.019069
4.856250 1.017548
4.921000 1.016026
4.985750 1.014543
5.050500 1.013105
5.115250 1.011665
5.180000 1.010223
5.244750 1.008778
5.309500 1.007398
5.374250 1.006032
5.439000 1.004664
5.503750 1.003295
5.568500 1.001923
5.633250 1.000625
5.698000 0.999327
5.762750 0.998027
5.827500 0.996725
5.892250 0.995424
5.957000 0.994190
6.021750 0.992955
6.086500 0.991718
6.151250 0.990480
6.216000 0.989240
6.280750 0.988060
6.345500 0.986884
6.410250 0.985706
6.475000 0.984527
6.539750 0.983347
6.604500 0.982208
6.669250 0.981087
6.734000 0.979964
6.798750 0.978841
6.863500 0.977716
6.928250 0.976608
6.993000 0.975539
7.057750 0.974468
7.122500 0.973396
7.187250 0.972323
7.252000 0.971249
7.316750 0.970218
7.381500 0.969196
7.446250 0.968173
7.511000 0.967149
7.575750 0.966123
7.640500 0.965106
7.705250 0.964129
7.770000 0.963152
7.834750 0.962173
7.899500 0.961194
7.964250 0.960213
8.029000 0.959251
8.093750 0.958316
8.158500 0.957381
8.223250 0.956444
8.288000 0.955507
8.352750 0.954569
8.417500 0.953651
8.482250 0.952756
8.547000 0.951860
8.611750 0.950963
8.676500 0.950065
8.741250 0.949167
8.806000 0.948285
8.870750 0.947427
8.935500 0.946568
9.000250 0.945709
9.065000 0.944849
9.129750 0.943987
9.194500 0.943135
9.259250 0.942312
9.324000 0.941488
9.388750 0.940664
9.453500 0.939839
9.518250 0.939013
9.583000 0.938187
9.647750 0.937393
9.712500 0.936603
9.777250 0.935812
9.842000 0.935020
9.906750 0.934228
9.971500 0.933435
10.036250 0.932657
10.101000 0.931898
10.165750 0.931138
10.230500 0.930378
10.295250 0.929617
10.360000 0.928855
10.424750 0.928093
10.489500 0.927358
10.554250 0.926628
10.619000 0.925898
10.683750 0.925167
10.748500 0.924435
10.813250 0.923703
10.878000 0.922973
10.942750 0.922271
11.007500 0.921569
11.072250 0.920866
11.137000 0.920162
11.201750 0.919458
11.266500 0.918754
11.331250 0.918055
11.396000 0.917379
11.460750 0.916703
11.525500 0.916026
11.590250 0.915349
11.655000 0.914671
11.719750 0.913993
11.784500 0.913319
11.849250 0.912668
11.914000 0.912017
11.978750 0.911365
12.043500 0.910712
12.108250 0.910059
12.173000 0.909406
12.237750 0.908753
12.302500 0.908125
12.367250 0.907497
12.432000 0.906869
12.496750 0.906240
12.561500 0.905610
12.626250 0.904980
12.691000 0.904350
12.755750 0.903738
12.820500 0.903133
12.885250 0.902526
12.950000 0.901920
