0.000000 0.090754 0.000000 0.090754
0.062590 0.100075 0.000000 0.100075
0.125180 0.108294 0.001615 0.106679
0.187770 0.117611 0.012605 0.105006
0.250359 0.128302 0.028981 0.099321
0.312949 0.140242 0.047600 0.092642
0.375539 0.153805 0.067441 0.086364
0.438129 0.169258 0.088079 0.081180
0.500719 0.186579 0.109953 0.076626
0.563309 0.205936 0.133281 0.072655
0.625898 0.227471 0.158723 0.068748
0.688488 0.251969 0.186898 0.065071
0.751078 0.276244 0.215282 0.060962
0.813668 0.303949 0.246831 0.057118
0.876258 0.333677 0.279683 0.053994
0.938848 0.364280 0.315758 0.048522
1.001438 0.396572 0.353236 0.043336
1.064027 0.433245 0.390886 0.042359
1.126617 0.468178 0.431279 0.036899
1.189207 0.503390 0.471933 0.031457
1.238634 0.534849 0.503804 0.031044
1.286162 0.560209 0.535437 0.024772
1.331996 0.589417 0.565001 0.024415
1.376304 0.613208 0.594031 0.019177
1.419230 0.639399 0.620567 0.018832
1.460895 0.664048 0.646422 0.017626
1.501404 0.683418 0.669001 0.014416
1.540848 0.700193 0.690264 0.009930
1.579308 0.723183 0.713476 0.009707
1.616853 0.741767 0.732159 0.009608
1.653546 0.757753 0.750705 0.007048
1.689442 0.774318 0.767332 0.006986
1.724591 0.788044 0.783078 0.004966
1.759038 0.801837 0.796905 0.004931
1.792823 0.813812 0.810421 0.003391
1.825983 0.825687 0.822317 0.003370
1.858551 0.835720 0.833463 0.002257
1.890559 0.845942 0.843695 0.002247
1.922034 0.855024 0.853590 0.001434
1.953001 0.864100 0.862680 0.001421
1.983485 0.871986 0.871078 0.000908
2.013508 0.879363 0.878461 0.000901
2.043089 0.886503 0.885948 0.000555
2.072248 0.892827 0.892277 0.000549
2.101003 0.898655 0.898316 0.000340
2.129369 0.904749 0.904408 0.000340
2.157363 0.910047 0.909853 0.000194
2.184997 0.914659 0.914465 0.000194
2.212287 0.918343 0.918235 0.000108
2.239244 0.922219 0.922112 0.000107
2.265880 0.926107 0.926048 0.000059
2.292207 0.929767 0.929708 0.000059
2.318235 0.933819 0.933788 0.000031
2.343974 0.937982 0.937951 0.000031
2.369433 0.941382 0.941366 0.000016
2.394622 0.943735 0.943719 0.000016
2.419548 0.945370 0.945362 0.000008
2.444220 0.947003 0.946996 0.000008
2.468646 0.948709 0.948704 0.000005
2.492832 0.950929 0.950925 0.000004
2.516786 0.953480 0.953478 0.000002
2.540514 0.956187 0.956186 0.000002
2.564023 0.959546 0.959546 0.000001
2.587318 0.962880 0.962879 0.000001
