0.000000 -1.950734
0.062590 -1.913362
0.125180 -1.873389
0.187770 -1.828148
0.250359 -1.777213
0.312949 -1.720423
0.375539 -1.657714
0.438129 -1.589152
0.500719 -1.515569
0.563309 -1.437921
0.625898 -1.358187
0.688488 -1.278155
0.751078 -1.193366
0.813668 -1.110997
0.876258 -1.027624
0.938848 -0.947670
1.001438 -0.869873
1.064027 -0.789685
1.126617 -0.717865
1.189207 -0.649707
1.238634 -0.593813
1.286162 -0.547931
1.331996 -0.501438
1.376304 -0.463513
1.419230 -0.424346
1.460895 -0.390974
1.501404 -0.358564
1.540848 -0.330703
1.579308 -0.306353
1.616853 -0.282087
1.653546 -0.261331
1.689442 -0.241654
1.724591 -0.224316
1.759038 -0.207577
1.792823 -0.193140
1.825983 -0.179314
1.858551 -0.167276
1.890559 -0.155568
1.922034 -0.145408
1.953001 -0.135769
1.983485 -0.127156
2.013508 -0.118727
2.043089 -0.112090
2.072248 -0.105190
2.101003 -0.098823
2.129369 -0.092905
2.157363 -0.087640
2.184997 -0.082703
2.212287 -0.078137
2.239244 -0.073723
2.265880 -0.069615
2.292207 -0.065819
2.318235 -0.062291
2.343974 -0.059267
2.369433 -0.056622
2.394622 -0.054194
2.419548 -0.051848
2.444220 -0.049520
2.468646 -0.047286
2.492832 -0.045372
2.516786 -0.043733
2.540514 -0.041777
2.564023 -0.040271
2.587318 -0.039248
2.610405 -0.038289
2.633289 -0.037399
2.655977 -0.036416
2.678472 -0.035332
2.700780 -0.034228
2.722905 -0.033166
2.744852 -0.032146
2.766625 -0.031164
2.788228 -0.030219
2.809664 -0.029310
2.830939 -0.028435
2.852054 -0.027592
2.873015 -0.026780
2.893823 -0.025998
2.914483 -0.025244
2.934998 -0.024518
2.955370 -0.023817
2.975603 -0.023141
2.995699 -0.022489
3.015661 -0.021860
3.035492 -0.021253
3.055195 -0.020666
3.074770 -0.020100
3.094223 -0.019553
3.113553 -0.019024
3.132765 -0.018513
3.151859 -0.018019
3.170838 -0.017542
3.189704 -0.017080
3.208460 -0.016634
3.227106 -0.016201
3.245645 -0.015783
3.264079 -0.015378
3.282410 -0.014986
3.300638 -0.014607
3.318767 -0.014239
3.336797 -0.013883
3.354730 -0.013538
3.372568 -0.013204
3.390312 -0.012880
3.407963 -0.012566
3.425524 -0.012261
3.442995 -0.011965
3.460378 -0.011679
3.477674 -0.011401
3.494884 -0.011131
3.512010 -0.010869
3.529053 -0.010614
3.546014 -0.010368
3.562894 -0.010128
3.579695 -0.009895
3.596417 -0.009669
3.613062 -0.009449
3.629630 -0.009235
3.646123 -0.009028
3.662542 -0.008826
3.678888 -0.008630
3.695161 -0.008439
3.711363 -0.008254
3.727494 -0.008073
3.743556 -0.007898
3.759550 -0.007727
3.775475 -0.007561
3.791334 -0.007399
3.807127 -0.007241
3.822854 -0.007088
3.838517 -0.006939
3.854116 -0.006793
3.869653 -0.006652
3.885127 -0.006514
3.900540 -0.006380
3.915892 -0.006249
3.931185 -0.006121
3.946418 -0.005997
3.961592 -0.005876
3.976709 -0.005758
3.991768 -0.005642
4.006771 -0.005530
4.021718 -0.005421
4.036609 -0.005314
4.051446 -0.005210
4.066228 -0.005108
4.080957 -0.005009
4.095633 -0.004912
4.110257 -0.004817
4.124829 -0.004725
4.139349 -0.004635
4.153819 -0.004547
4.168239 -0.004461
4.182608 -0.004378
4.196929 -0.004296
4.211201 -0.004216
4.225425 -0.004138
4.239601 -0.004061
4.253729 -0.003987
4.267811 -0.003914
4.281847 -0.003843
4.295837 -0.003773
4.309781 -0.003705
4.323681 -0.003639
4.337535 -0.003574
4.351346 -0.003510
4.365113 -0.003448
4.378837 -0.003387
4.392518 -0.003328
4.406156 -0.003270
4.419753 -0.003213
4.433307 -0.003157
4.446821 -0.003103
4.460293 -0.003050
4.473725 -0.002997
4.487116 -0.002946
4.500468 -0.002896
4.513780 -0.002848
4.527054 -0.002800
4.540288 -0.002753
4.553484 -0.002707
4.566641 -0.002662
4.579761 -0.002618
