0.841576
0.855254
0.864423
0.876610
0.902766
0.929722
0.952480
1.009635
1.069372
1.077040
1.140829
1.217531
1.318102
1.418176
1.443397
1.517773
1.648215
1.746248
1.846661
1.950084
2.054821
2.165336
2.271260
2.379779
2.482986
2.595497
2.708009
2.818450
2.931329
3.045208
3.159165
3.239159
3.273096
3.388098
3.503683
3.619771
3.735463
3.852238
3.969717
4.085602
4.202415
4.321851
4.439807
4.557510
4.675469
4.794010
4.912922
5.031968
5.150679
5.269471
5.387863
5.506025
5.624781
5.744160
5.792954
5.863950
5.983716
6.102855
6.221614
6.341701
6.461424
6.579483
6.698344
6.818066
6.938113
7.058520
7.178771
7.298725
7.418549
7.538383
7.658228
7.778078
7.897928
8.017795
8.137660
8.257536
8.377412
8.497294
8.617186
8.737081
8.856980
8.976881
9.096786
9.216699
9.336619
9.456529
9.576458
9.696379
9.816310
9.936238
10.056170
10.176103
10.296047
10.415986
